100
3 2
1 4 1 1 0 11
4 1 1 1 8 11
2 5 0 0 0 11
4 1 0 0 0 11
99894 99525
360312142 720624284 2 0 882421186 882421187
732 2650 2423 9313 7935 7412
99771912 93595365 724494804 184888864 488444497 69333315
5659 12415 19346 8093 6095 12213
99729 99570
273860182 821580546 3 0 907954686 907954687
8379 2098 6556 6853 2062 1968
535981397 115231202 22 0 973029960 973029961
14546 9064 11203 417 5318 16191
99526 99561
292454193 877362579 3 0 899953120 899953121
598 157 7680 9621 9232 4418
444844717 522878984 858642651 657994155 113749905 595069385
1872 17281 17384 17164 18070 14036
99927 99726
435221287 446342380 7 0 866735542 866735543
368538245 60007375 101725599 110379512 374353613 815815691
775245847 25350127 5 0 962719776 962719777
848609112 387092468 350365054 320200230 418640328 518167601
99712 99858
246257205 738771615 3 0 988931200 988931201
1509987 4665579 4830181 3638851 5800617 1408912
767022585 192024905 6 0 882022120 882022121
5042949 5125332 10999654 12937101 17620452 1167836
99983 99594
278110676 834332028 3 0 867202446 867202447
41411 32641 44715 89574 2713 7314
156919798 170424155 7 0 928014430 928014431
68598 770 78951 114313 146673 180582
99886 99928
714371884 475487259 2 0 953256508 953256509
4226 913 6 2825 7974 4745
431839939 301581448 3 0 993938368 993938369
13257 13562 10577 18923 4597 9150
99710 99889
451503378 295547475 6 0 804490930 804490931
185302102 395274971 306019193 399442312 457314630 422079006
78175625 199181860 930148130 378753178 67703154 211252523
139553148 204902414 112638158 698722809 404237648 756900405
99796 99758
472449274 159117617 17 0 874724448 874724449
74740 73578 18531 43083 31038 33751
162414282 487242846 3 0 988100608 988100609
75565 131145 71567 35608 89824 44412
99678 99635
359642385 228939634 3 0 849987520 849987521
997623789 782906837 502291458 245452171 160299648 885298817
298883571 651402700 320946418 718129495 488335697 812840964
838983604 933783687 713294401 952101624 689527082 454881084
99670 99915
317097003 436278763 7 0 891700128 891700129
59014 91535 92312 21631 77203 86308
655979013 164555933 3 0 901690552 901690553
142447 153182 20499 186974 117596 129465
99605 99627
489038123 553839376 3 0 913274992 913274993
3102052 6606139 6017155 9777156 1503091 7366357
66771851 667718510 10 0 976314420 976314421
3980769 4556190 11625509 17949748 18244943 2582251
99729 99993
450485197 435790419 5 0 908317782 908317783
1156770 2272334 8541238 8879333 6897929 8595558
915248742 417920520 87593733 938350941 366094330 112223565
11785626 5702656 3603197 9916015 14088042 8056327
99716 99709
129918202 779509212 6 0 977219868 977219869
28911 73573 11197 64220 91753 15655
473486238 623961047 321466261 579492191 675547173 111536145
177124 199112 26116 36684 55165 148399
100000 100000
825625957 21073319 75825942 137549105 369564877 868441663
814714870 900627605 633322325 649700198 513441185 940608095
825625957 21073319 75825942 137549105 369564877 868441663
814714870 900627605 633322325 649700198 513441185 940608095
99987 99667
695415029 399554309 2 0 991275748 991275749
571153129 863142999 866698232 792015796 900656218 390281790
216674670 433349340 2 0 823564890 823564891
986792255 907745309 182290222 695487780 540964874 790459367
99568 99637
410413418 916401597 14 0 965877250 965877251
2726119 9866651 2423790 398471 2656476 6525896
515958795 153614314 74422288 999628012 947130960 357829081
9138669 3055527 7652447 1311076 17401518 17940057
99563 99506
752622702 398791732 3 0 929538186 929538187
12934225 746936952 619574838 92667746 15881936 242335064
529282291 826923266 967806075 341381037 565111205 988677459
224643688 564515022 360865766 261918325 53426391 122706164
99598 99513
215238828 770434797 17 0 962875092 962875093
757340289 298948254 678774411 159306435 350987851 187412371
975266109 87517996 461323773 295780313 956655657 654108625
956456406 508423883 105077512 260411104 375425325 228053625
100000 100000
97757432 84110822 628897545 693463948 957914468 825089773
763685683 864317279 879535309 735020961 839663565 817816847
97757432 84110822 628897545 693463948 957914468 825089773
486279783 481768911 418706674 945199424 556237449 966152713
99703 99869
891682542 835810985 2 0 947554098 947554099
6862 6741 6569 3345 7166 729
156472733 234700038 243526615 833338603 567433156 470133947
6331 17893 6572 2811 7565 14139
99544 99929
283348346 566696692 2 0 982793236 982793237
8500 7931 9751 8466 5085 3003
693101074 347127621 829467241 463511829 316012778 85207910
17348 8506 7833 8137 10009 6553
99658 99796
238776066 477552132 2 0 989233708 989233709
4455767 589229 7905140 8923775 7492314 2164115
776244790 471332688 645563792 907191172 148882726 45185821
3282504 1961674 18349926 103488 13523933 18856743
99844 99534
495570587 834636872 11 0 923327916 923327917
321070571 620600157 35903324 614238584 191322726 293683989
609148711 55123601 14 0 941439816 941439817
890085063 731977479 678464019 322574092 477025695 340151551
100000 100000
10000 20000 1 0 9999 1000000000
5000 5001 1 0 0 1853081
50216 514 7 445 6737 998500201
47447 77474 74 47 77 1787783
99774 99672
434123522 835485530 6 0 884627800 884627801
89489 36237 26208 83599 27562 840
551774940 170235651 14 0 839401500 839401501
125676 95308 71877 123378 23229 108797
99881 99682
550033408 632988094 10 0 811224330 811224331
7643 8635 6818 7389 7502 768
64660211 129320422 2 0 966450852 966450853
12697 8410 19252 12744 16108 16115
99982 99520
451737799 903475598 2 0 907475506 907475507
7238015 899293 5795146 9116600 1945316 8327016
923617656 558836487 395558019 65271545 901297008 761013229
17380199 19569008 2623998 11250930 11550210 14235882
99869 99587
198182928 30008537 5 0 960906102 960906103
1194 3668 1837 3328 399 541
764248963 645270115 2 0 883227810 883227811
15835 6468 19602 16431 3144 3651
99841 99651
710974525 443272133 3 0 844825720 844825721
26425 68828 55455 70327 84938 76718
738746835 22296879 7 0 858155160 858155161
168968 98930 87175 21078 116854 158855
99891 99972
246561965 739685895 3 0 867635176 867635177
32179 14170 6187 20394 62182 84939
815600361 799182151 2 0 832018570 832018571
78123 80446 190172 113724 43152 103985
99781 99506
546940929 178613431 2 0 915268426 915268427
8204 373 3455 8857 9892 5246
410295819 413233960 3 0 817653496 817653497
5291 16562 10915 1194 10100 8197
99915 99744
169177461 80524158 15 0 819045918 819045919
722609 4856905 4332332 2989001 7365807 1267107
405050538 207629684 5 0 908811502 908811503
11148836 15250242 11991697 17045204 15933983 9107561
99717 99701
637783141 710354804 5 0 826186966 826186967
4271 98875 50249 41067 28043 82818
320619804 255247670 7 0 994545478 994545479
30184 23366 183370 35626 156503 147389
99655 99951
154504891 309009782 2 0 959085138 959085139
3754691 4951330 4365855 2950920 991904 7071472
523656111 71348315 2 0 975963906 975963907
8343749 1727057 570944 16639515 16434255 18092386
99661 99603
90888805 636221635 7 0 890744136 890744137
94585 66605 75827 81498 94264 58722
300677954 902033862 3 0 950778966 950778967
41141 96136 124642 79545 129720 187029
99957 99936
650386790 335395919 2 0 965377660 965377661
3979745 4612240 936316 2806622 7204604 9176891
427813687 939410330 122227524 700876818 964536667 49422421
4969132 1510729 14709919 16223376 15823116 18601234
99937 99781
341402742 129839005 3 0 894369220 894369221
91507368 394040847 262416718 745770837 461558820 379437209
120869472 362608416 3 0 864146886 864146887
308330870 315065166 587875016 356392319 155894677 169074423
99701 99888
363963570 727927140 2 0 958185418 958185419
4145 2629 4547 1264 8989 6617
751110727 379354619 920807660 622840394 789561025 267264519
7944 19697 16375 19057 16282 16964
99569 99743
132189134 451770763 10 0 870120576 870120577
90864 96877 26481 98923 15026 46289
135644403 539157497 256611228 557901794 697427794 112921183
30751 111341 144054 175234 152061 25477
99974 99877
133125218 399375654 3 0 803939118 803939119
9094966 4467067 4795990 4464435 496506 4289819
524931876 445379101 841879351 120152277 955954551 543397060
15106912 3831171 10148495 10665308 9464697 8834216
99934 99651
348155114 118871495 3 0 925593846 925593847
95110 68600 53507 57058 82939 36881
383559395 811529143 7 0 936693310 936693311
74259 125331 85951 150964 188746 13805
99822 99526
29640078 444601170 15 0 996893250 996893251
25645 58087 16365 24709 77958 38451
143212926 609391786 847065047 201808748 123330725 275690724
191541 113702 25184 32005 145362 2288
99510 99573
447630024 915707107 13 0 980696640 980696641
4104526 303198198 586247334 770219707 806789856 480489169
11630632 560171643 756269150 481124786 546598970 679311339
909196916 435173179 32437875 578576688 465550376 751341194
100000 99791
530555288 174165773 2 0 886944802 886944803
526856511 259611335 968784818 333647280 935433304 85428766
648013298 344921073 2 0 951105522 951105523
648903797 155482960 878692158 446524328 284451953 48812202
99734 99520
456211000 60995493 2 0 851426506 851426507
27679 46453 86115 79489 2099 61383
972540367 682701608 338979783 275457290 577448358 537670067
96619 96577 131063 166931 17888 51058
99726 99979
350345051 700690102 2 0 971515762 971515763
3925 2685 5212 2326 4172 6615
254570995 509141990 2 0 905189826 905189827
18092 18588 16786 12644 5599 3295
100000 100000
661215555 683817061 969790663 882949632 751226930 987256409
824593863 763707677 57007738 574732177 589541644 542020106
860061359 450568462 0 0 112453428 80242274
304267764 846462578 152996941 326113750 977195043 996256747
99687 99985
588295403 779620897 7 0 834611730 834611731
3638196 7735319 2210245 6582673 4737471 4574517
878993244 882966962 368675729 129108941 563654759 507100966
2806595 18283437 7970724 10286910 2972840 16995485
99999 99727
431262040 39678579 2 0 822845500 822845501
8663 2409 8748 832 7573 4159
616164974 157779491 543261840 396103974 690000118 849846035
7317 9135 19713 18545 6006 8464
99957 99710
734161670 234900464 7 0 817371870 817371871
64383 67751 37769 20218 10269 49559
165321533 166384648 17 0 881360470 881360471
100051 109995 116978 27445 92631 7922
99906 99984
379521127 306764380 6 0 985181190 985181191
4665151 7607385 700003 5514601 3360135 2084711
994403841 800565573 13995047 998967555 493431584 43491153
10698576 14855757 13738474 6483311 15395385 16103401
99759 99951
660048702 405098633 2 0 914998770 914998771
7469968 6305450 4757738 5965337 2241903 6673634
346291570 591430992 7 0 916304998 916304999
4203167 3216030 10743013 19745044 14969098 882714
99630 99660
872096779 824139105 2 0 920054452 920054453
25397 92780 95450 38277 3420 81954
577630352 802577017 384219413 203277562 401384193 503180394
126945 12737 89910 185385 104956 40276
99532 99649
258738970 272745497 11 0 857794390 857794391
27076991 677849571 983581925 558078069 29618424 797154189
735043104 475168811 2 0 994917396 994917397
20325893 796297442 891452248 284862018 231881890 225905044
99888 99782
750811798 535727305 2 0 965896290 965896291
4176 2164 6765 9697 5750 8759
56814703 458484621 309494973 302426503 624409951 933224380
415 3346 18219 7415 16589 11669
99680 99712
250709606 752128818 3 0 852766182 852766183
907515707 981349978 47119244 294284558 550982939 895272582
235222380 942751879 654074211 157901546 818368501 694631139
710960919 823727353 511063732 617848937 83637827 853953513
99605 99581
784123 763249 2 0 804996 804997
4686 5939 5793 9210 5564 7555
874382 775875 847836 315373 614328 791539
7285 19873 18914 16694 7661 14125
99626 99720
419926595 425284672 3 0 834495112 834495113
860009815 693960889 603412971 172902560 626657047 742614399
577423313 246412005 2 0 908434620 908434621
460933613 501416415 257794404 123548134 547857366 421088325
99553 99699
132333112 264666224 2 0 806339116 806339117
5688 4554 2245 2443 3851 9264
122516187 422794149 77637294 792153262 310459464 378850855
3281 4276 18346 19284 18139 6873
99599 99681
176715660 353431320 2 0 974383362 974383363
9665175 6334691 4949743 3977512 7938840 9033442
155667034 584898412 598020934 572817672 614380157 65470482
19270900 4539409 15796572 8905178 18901005 13103846
2 100000
99999 1 0 0 0 1
99998 2 0 0 0 1
1 2 3 4 5 103843
2 3 4 5 6 349337
99758 99614
299140974 34989985 3 0 862432936 862432937
60135 10790 2438 75391 55000 19090
203955297 437203348 18583988 957220977 595426665 336750079
162157 132004 50628 165676 157825 196979
99597 99512
633676542 297879457 2 0 969473626 969473627
58793 19854 44391 17625 51973 30045
231803182 684537507 7 0 938084766 938084767
117591 17960 132279 15198 73237 84785
99960 99995
257020239 668178412 10 0 951011988 951011989
77921 65233 29855 2351 32701 61327
751465361 254078873 5 0 875811982 875811983
26075 134501 177411 2367 170719 82456
99601 99665
59528308 357169848 6 0 978140556 978140557
2464316 972998 988447 971311 4234328 8827110
830332382 750831881 2 0 909832882 909832883
7080143 1322614 11931011 8206918 14090424 17294617
99567 99610
662164692 688824488 7 0 986582088 986582089
7668856 3895613 9294503 9428675 4034319 672421
180027139 207609528 15 0 830932518 830932519
2296434 5537739 7148982 19112517 13891323 6366577
99678 99915
855178603 793054991 3 0 886240408 886240409
803819189 564151377 410834882 23218686 906438355 773148528
843173798 767784969 2 0 918562626 918562627
212734297 65495248 279848297 184231340 971276631 305164163
99697 99924
804631211 121740923 5 0 975353782 975353783
3673943 3071462 2747662 8349337 7196567 4933622
522603737 175540186 5 0 812492832 812492833
4067596 16620041 13891088 5840655 16790064 6400323
99983 99747
191840 575520 3 0 862206 862207
42 5 40 43 63 9
226457 564621 657082 329872 275150 813386
77 176 58 15 188 174
99872 99594
465987842 931975684 2 0 982802172 982802173
99165 66080 15859 79149 62707 8631
616809743 834170765 321819000 202737595 330061279 521717931
148560 112523 141327 81072 99728 173019
99541 99943
446289 79295 2 0 813282 813283
2223 2155 2039 9808 7865 6194
53018 159054 3 0 883422 883423
1632 3322 9055 1875 4843 17289
99598 99664
277247684 554495368 2 0 830255668 830255669
2088 5019 8768 6720 3230 820
145523987 58879638 272543634 468914263 387693079 976508751
14251 9687 15432 10322 16499 856
100000 100000
10 20 1 0 9 10000005
10 10 0 0 9 100005
12345 54321 2 0 1004116 1004117
3 10 7 9 4 23
99522 99568
82289396 104953935 11 0 800229420 800229421
3728 6286 2202 4041 6777 4257
124586053 872102371 7 0 921657366 921657367
3009 19139 3163 3831 13300 710
100000 100000
1 2 1 0 0 100001
100000 99999 1 0 99998 100000
1 2 1 0 0 100001
100001 100001 0 0 100000 100001
99575 99898
456381153 299685379 5 0 991110192 991110193
6066 30395 99870 76717 92663 17207
332462017 664924034 2 0 890166036 890166037
85351 135031 64816 64552 169460 58510
99617 99740
542108894 688486643 3 0 937840038 937840039
62 1830 221 841 4777 4558
504222981 116370919 2 0 892075042 892075043
12081 17384 12291 1996 7817 3176
99746 99962
637319128 164036870 3 0 873960256 873960257
22868 55143 3790 85797 57584 93213
763219479 476752035 642840166 959857934 83684791 247300191
139508 20792 396 141837 158295 137642
99634 99747
718932254 352438458 5 0 810555702 810555703
6245471 1379858 1185610 3565356 4012883 5904727
377019219 754038438 2 0 992563282 992563283
4085445 13308603 5909773 4392841 683656 15704391
99629 99815
836713 526405 3 0 991866 991867
28 43 86 33 75 62
319448 265184 723862 245599 548622 652564
56 96 140 43 144 144
99651 99704
424379047 848758094 2 0 876784476 876784477
12695 72895 4260 34583 76168 72053
238961506 634533676 295520955 97878754 706464952 585470036
183667 76350 133187 143203 183561 39276
99954 99611
442888 580959 17 0 992590 992591
93 36 1 75 85 28
346580 612971 58611 964191 519065 136956
71 58 131 136 152 11
99680 99657
175967250 527901750 3 0 916847118 916847119
7904 4198 3034 6426 2771 172
314906100 433287136 304837560 404699341 752046340 334598766
4893 9050 546 19112 4515 6810
99904 99808
468623 500798 3 0 905070 905071
8 26 42 75 40 99
798401 840114 782233 264837 441872 37552
105 78 75 63 30 141
99979 99987
546828688 141997795 2 0 951659580 951659581
388315419 184442359 306895750 34270853 408039651 241247859
280451814 841355442 3 0 850992786 850992787
248128720 206641659 155063209 406419445 28079673 446401300
99839 99583
489387903 414854098 19 0 807592368 807592369
82188 27653 48137 19108 74245 96684
404504567 87641730 565375374 829096874 399895309 300486884
148337 114404 115126 194605 147791 1192
99581 99804
87155674 435778370 5 0 904506192 904506193
9690208 4230318 3635227 2484961 7141420 925166
556165128 14790470 3 0 826852456 826852457
1986763 6412418 10855852 16420078 2748148 12334255
99928 99731
825686220 771420541 2 0 879951898 879951899
8495 1146 1414 3618 2659 4421
718955279 469121441 2 0 968789116 968789117
6839 18843 16290 16708 8735 6106
99760 99546
123346448 394570769 11 0 962240158 962240159
6673606 5531553 6463410 958171 7702794 7110890
698164730 184960076 3 0 954767056 954767057
3425815 10554535 5697766 2648237 16356372 15613463
99826 99628
455111665 672246918 10 0 969717432 969717433
5233 4937 3949 8859 9654 688
832318110 774463984 513135880 157493427 215108349 788250161
2797 18992 12911 18168 10620 3627
99560 99857
128150705 256301410 2 0 962306068 962306069
478069715 990186395 811770779 529904932 187748343 699543826
760886505 986494803 166977120 776048336 576311223 783321684
295155944 854364906 468012605 961821297 216173031 166085865
99886 99669
771654069 680194871 2 0 863113266 863113267
9008328 9602160 6093855 1176872 6644004 6051190
324439057 89800540 6 0 928416900 928416901
13691420 11259381 19785155 14916271 5673924 9164329
99521 99766
676979790 210337856 6 0 962885220 962885221
8754 5300 3853 9011 4445 6295
193571697 642208459 13 0 937111800 937111801
19356 17312 19644 12075 10735 17124
99724 99771
263544124 790632372 3 0 812399656 812399657
1202 95368 5650 37568 71052 37758
793039586 221894236 195439601 687728641 9042886 686483854
64569 139747 75788 50781 170539 62267
99632 99659
620161108 315060933 2 0 925261282 925261283
46818241 587497251 604031849 227946123 941558058 455794847
945268390 254829487 483665215 388492506 994741035 511257807
522687132 641854020 320816154 535273930 436824112 136061250
99774 99555
151575362 303150724 2 0 819012850 819012851
12974 5817 23158 83730 53739 18665
615442290 912015228 39137185 357058170 525189096 701576295
8611 68419 198419 199166 57477 148183
99634 99885
789988645 567313997 3 0 901325968 901325969
861088832 174731266 795819970 498582102 105557326 571134257
735580482 261697496 79391621 273661830 149911706 851019333
979680236 384527437 116317351 645113085 687420353 704005234
99676 99855
140784 422352 3 0 804126 804127
6 5 2 4 4 2
962338 873649 354179 550371 333364 593763
10 6 11 16 18 16
